0.113921 0.408226 -0.339190 1.142780 0.015881 0.948942
1.791220 -0.100780 0.616819 -0.184757 -0.101175 0.957790
1.663971 -0.870141 1.392687 0.308094 0.736234 1.462054
0.119862 0.882194 0.152949 0.920353 0.908728 1.350312
-1.782596 -0.132636 -0.444507 0.920941 -0.517081 -0.645004
-0.293421 -0.357738 0.059819 -0.476630 -1.816783 -1.193148
-1.810907 -0.339493 -0.291810 -1.800237 0.663584 -2.297525
0.193099 0.914324 -1.332669 0.092341 -1.214446 -0.253662
0.737409 -1.269114 0.226291 2.643508 -0.983465 1.678457
-0.622713 -0.349692 -1.745463 -1.102259 -0.648787 -1.909248
0.047464 0.617393 -0.676477 -1.731132 2.959707 -0.261594
-0.092361 0.314102 1.184125 0.158357 0.761883 0.704224
1.876298 -0.413118 -0.463348 0.344976 -0.447135 0.911442
1.092592 0.865865 -0.537039 -0.892709 -0.012790 0.098899
1.313837 0.453287 0.981824 0.405979 -0.584583 1.235555
-0.041937 -0.856088 -1.329252 -1.219046 0.513215 -1.355421
0.478984 -0.979015 -0.561277 0.649012 -0.656278 0.078397
-0.566908 0.255195 -0.116472 -1.357171 -0.185215 -1.314927
-0.473619 0.519108 0.067834 0.810956 -0.173291 0.454391
-0.054523 1.674553 -0.386207 -0.550697 -0.758427 -0.235933
0.148392 0.264455 1.342897 -0.991456 0.821383 0.042530
-1.348563 -0.193049 -2.916854 0.437749 0.923042 -0.931254
-0.020714 0.192116 -1.031002 -0.333426 -0.284755 -0.542396
-0.364303 1.001910 2.937800 -1.365683 0.844435 0.124322
-0.171230 0.277553 1.231875 -0.346844 -1.250217 -0.352369
0.003267 -0.084925 0.397384 -1.253493 -0.632022 -1.043298
0.097369 -0.745230 -2.855649 0.040714 1.550116 -0.372100
-1.174237 -1.213291 0.986696 -0.744580 0.229330 -1.269310
1.793480 0.178450 0.849121 -0.741633 -0.580598 0.546550
-1.387253 1.542835 -1.782404 1.214252 1.492651 0.635297
-0.762966 -0.214591 -0.512669 0.516768 0.109115 -0.211940
-0.610528 1.721994 0.390815 0.828820 -2.482754 0.117404
0.991542 1.233863 -0.252443 -2.461322 0.803997 -0.652497
0.361919 2.164603 -1.769998 0.083965 -0.550692 0.337921
0.006472 -0.785471 1.362132 1.019320 -0.740358 0.599996
1.959089 1.634769 -2.044851 0.890612 0.396928 1.886168
0.710168 1.109487 0.275462 -0.835247 0.403210 0.340892
-0.272316 0.345865 0.232057 0.632346 0.596382 0.668649
1.215600 -0.938259 -0.023106 0.455387 0.465936 0.856249
1.916876 0.949585 0.459457 -0.119977 -0.059217 1.385650
-0.437147 0.494051 -0.285535 -1.132434 -0.396064 -1.111507
-0.654424 -1.627966 0.482971 0.344619 0.949755 -0.211191
0.595880 0.754118 -1.140069 -0.542109 -0.804041 -0.363040
0.531314 0.740563 -1.082738 0.044553 -2.122164 -0.382737
0.087142 0.641296 0.984098 0.034295 -2.425693 -0.251148
-0.554433 -0.191445 0.894863 -0.585861 -0.747719 -0.814977
-1.172252 -2.786784 -0.196986 -0.009099 1.259013 -1.201237
0.567175 0.381224 1.402689 -0.704354 0.699884 0.500066
0.018176 1.243341 -1.938111 0.313564 1.471915 0.623434
0.021957 -1.138859 0.499392 1.153097 0.678998 0.831749
-0.347512 1.335652 0.583459 1.108780 0.727300 1.420812
-0.993837 0.521524 1.386473 -2.242419 -2.025631 -2.328211
0.935393 -0.881822 0.475338 1.251779 -0.064876 1.253510
0.878423 -0.638899 0.614318 0.382994 0.482637 0.875078
0.053362 0.975723 -0.676627 1.572997 -0.989945 1.004463
0.213527 1.319814 0.787443 0.522204 0.894346 1.406176
0.082717 -1.896689 -0.116371 -1.044121 -1.808656 -1.930690
-0.130974 0.023082 -0.471418 0.211120 1.029545 0.299758
1.050686 -0.943115 0.324599 -1.439249 0.329243 -0.577557
-0.934441 0.611289 0.467830 -1.283556 -0.251151 -1.228081
0.204620 2.017651 1.104417 -2.038926 -1.194181 -0.834214
0.340724 -0.507858 0.835170 -0.984430 0.959485 -0.174515
0.296842 -0.703422 0.825584 3.422692 -0.540678 2.473081
-0.036578 0.900785 -0.132973 -0.730284 -0.688642 -0.518948
-0.089670 0.290612 1.144714 0.737659 -1.103397 0.514363
-1.077880 -1.000720 -1.839095 1.039964 -0.235900 -0.699931
0.348430 -0.610750 -0.275842 -2.688174 -1.001399 -2.352095
0.184138 2.252721 -0.030347 -0.283776 -0.633397 0.406557
-0.933339 -0.244733 -0.799967 0.991297 0.434443 0.061692
-1.189710 -0.459334 0.924565 0.541595 0.077653 -0.161870
-0.752650 0.113292 0.974120 -0.370859 0.584969 -0.225238
0.691278 0.330603 2.230361 1.980070 -1.363128 2.059749
-1.896762 0.936168 -0.325361 -0.244328 -1.802948 -1.599256
-0.372541 0.337543 0.613362 0.480189 -0.214587 0.334601
0.111288 -1.385970 0.188432 -0.757119 -0.823793 -1.150391
-1.626835 -0.648496 0.319238 1.106240 -1.412029 -0.683031
-0.245350 1.104984 0.466648 -0.757124 0.086251 -0.192239
0.347831 0.171862 -0.763101 1.608313 1.025227 1.561147
-0.192243 -1.256318 -0.236690 0.107751 2.211780 0.217578
1.167238 1.168276 0.310854 -0.324711 -1.370250 0.429696
0.702618 -0.167118 1.355033 -0.759729 0.557229 0.302458
0.595294 -0.015199 2.229631 0.279193 1.753864 1.650956
-1.132103 1.581597 0.331182 1.871267 -0.100179 1.288897
-1.855802 1.097524 -0.259781 -0.449742 0.883241 -0.798662
-1.151357 -1.434450 1.267429 -0.517794 -0.203364 -1.229993
0.863305 0.757802 -1.446155 0.653996 0.202430 0.906603
-2.019013 -1.030453 -0.647602 1.745746 -0.717608 -0.577532
-1.755438 2.771173 -0.085086 -0.676079 -1.314878 -1.031840
-0.562035 1.009309 1.213382 0.081043 -0.296908 0.275736
-0.357406 0.751291 0.685776 -1.590515 0.145199 -0.902902
-0.408531 1.459261 -0.192886 -0.177687 1.323968 0.483923
-0.469326 0.658317 2.064073 0.522380 -0.009219 0.842245
0.382651 -0.066057 0.432733 -0.364502 0.452585 0.180070
0.273147 -0.489797 -0.053350 -0.669854 -0.896025 -0.792832
-0.235744 -1.145611 0.616978 0.975477 -0.204309 0.302352
-0.690228 -0.462940 -0.175910 0.733425 0.155097 0.006385
0.824560 -1.227435 0.804671 0.113139 -0.098931 0.321076
-0.594301 0.650804 -0.106656 -0.020192 -0.757273 -0.408283
-0.128026 0.417347 -0.012324 -0.611755 0.032034 -0.377555
-0.084782 -0.775941 -0.338003 -0.125326 -0.126919 -0.512381
-2.091413 0.061506 -0.550287 -0.587880 -0.419146 -1.852360
-1.938770 -0.039829 -0.284217 -0.451891 -0.099776 -1.531319
-1.491889 -0.973114 -1.413717 -0.332945 1.318398 -1.321446
0.748015 -1.395141 0.123544 -0.065705 0.820191 0.217825
0.643974 1.879446 2.742312 0.469809 0.668753 2.204588
-0.541323 -0.266864 -0.816329 -0.674026 0.665312 -0.871759
-1.509121 -1.232006 0.154718 -0.339559 -0.640924 -1.653644
-0.486707 0.677986 0.197365 -1.401391 0.660025 -0.818066
-1.003485 -0.681159 -0.362130 -0.125331 -0.220041 -1.032360
0.784869 -1.025662 0.083196 2.795945 -1.168252 1.799313
-2.312160 0.134466 -0.816070 -0.121251 -2.781853 -2.434505
-1.273690 -0.136640 -0.797436 -1.209754 1.038183 -1.507252
-0.168355 -0.204734 -0.239259 1.264823 -0.735128 0.468472
1.301505 0.276294 -0.151178 -1.170628 -0.617395 -0.272663
0.104725 -2.130339 1.037258 -0.592655 3.187213 0.223522
1.281780 -0.783168 0.776479 -1.501316 0.267030 -0.349208
0.671868 1.415343 -0.298323 -0.124210 -0.044339 0.649713
-1.253861 2.131984 0.425832 0.547873 1.472196 0.957581
-0.919648 0.599213 -0.505178 0.156600 -0.463339 -0.483500
0.408455 -0.050278 0.645197 1.098559 1.127600 1.536725
1.095011 0.037218 -0.487810 -1.386535 1.007349 -0.186656
-0.568372 -0.035271 0.038395 -0.279377 -2.472370 -1.315080
-1.462612 0.868422 -0.217019 0.782333 -0.573632 -0.207882
-0.713409 0.158326 1.159384 0.859995 -1.144495 0.202559
2.444400 -1.975074 -1.386248 -0.318722 -0.821267 -0.105194
-1.062589 0.855370 -0.156621 0.550259 -0.165842 -0.011867
0.113893 -2.004295 -1.899344 1.781839 -0.342995 0.138554
-0.686867 -2.125247 -1.012503 0.820666 -0.417953 -0.852509
-0.061021 -0.523403 -1.658319 0.392682 -1.063910 -0.670034
0.841248 -0.068854 1.170740 0.129354 -1.122785 0.476888
0.001062 0.830428 0.743904 -1.345058 1.485733 -0.054150
0.137568 0.221617 0.618522 1.090316 -0.801127 0.842156
0.746209 -0.262118 1.318181 -0.250074 0.246994 0.560029
-0.514183 1.296887 -0.338975 -0.979840 -0.717258 -0.902488
-1.738453 -0.650471 2.162095 1.046394 0.158901 0.173555
0.279723 -0.580391 -1.357626 0.495725 0.438037 0.133564
-1.245573 -0.400973 1.255228 0.678896 0.763313 0.227829
0.881834 0.579658 0.033705 -0.509557 0.684456 0.534793
0.166521 0.038298 0.053862 0.077745 -1.394409 -0.270484
0.615242 -0.752374 0.691094 1.098343 -0.642719 0.872670
-0.338098 0.851664 1.481311 -0.134064 0.439251 0.496219
-0.109589 -0.683470 -0.424516 -0.397399 0.042945 -0.662568
-1.440995 0.386432 0.310623 0.690777 -0.441801 -0.242752
-1.484520 0.680309 -0.729507 1.418373 0.175753 0.295644
-0.471043 -0.663198 -0.144243 -0.093727 0.912762 -0.288405
-1.209672 -1.271115 -0.900229 2.045678 1.147235 0.551230
-1.765354 1.096800 -0.479483 0.604377 -0.130851 -0.358170
-1.106411 -0.238806 1.186614 -0.181011 -0.456756 -0.677654
1.324730 0.241651 1.929011 0.460404 1.549987 2.133521
0.273080 -0.807843 1.123611 -1.367133 1.250025 -0.422681
0.359022 0.306704 -1.389983 0.704531 -0.052051 0.449353
-0.634842 0.205669 -0.710697 -0.181326 -0.684937 -0.818920
1.193509 0.031879 -0.200664 0.514021 0.986048 1.319171
-0.338726 0.402406 0.153781 -0.913635 0.887938 -0.405285
0.562078 -0.579855 0.189506 0.350904 1.949197 1.056489
0.204804 1.114036 1.167766 -0.117628 -1.599666 0.165361
0.246346 -0.778342 1.148130 -0.880900 -0.440722 -0.608172
-0.543179 0.872877 -0.082216 1.066825 0.358220 0.847999
0.921218 -0.683532 -0.768185 0.109985 -0.211153 0.117825
-0.571085 -0.325001 1.289437 0.324168 -0.348301 0.023737
-0.090981 1.562415 0.182093 0.493401 1.493341 1.332598
2.551140 -0.408611 -2.202599 0.399173 -0.659097 0.827718
-0.320268 -0.114746 1.195927 -0.384570 1.725494 0.354335
0.442245 1.032793 0.770872 0.597325 -1.385279 0.763627
-1.587126 0.282903 -0.023254 -0.943320 0.346950 -1.381674
1.057167 -0.060057 0.465430 0.478855 -0.003774 1.037509
0.157078 -1.386523 0.315344 0.282386 1.104429 0.282671
-0.203097 0.767840 0.994386 0.091917 0.124868 0.487628
1.051982 2.273874 0.727826 0.393625 1.370635 2.224656
-1.231686 -1.788390 -0.101658 0.379523 -0.107535 -1.044803
-0.623687 -0.288683 0.195685 -0.090338 -1.333309 -0.885328
-1.741140 1.528051 -0.898660 -0.637582 -0.295256 -1.270644
0.416620 -0.703773 -0.328502 -0.230450 -1.020027 -0.568663
-0.494986 0.131345 -0.334349 0.627560 -1.745799 -0.419286
-0.828417 0.482178 -0.348624 -0.880502 0.514965 -0.874750
1.417200 1.961392 1.556193 1.995902 -0.025910 3.259043
0.050516 -1.004776 0.589975 0.211037 0.969079 0.318417
0.017493 0.175314 0.039515 0.053122 1.287921 0.526690
-0.338277 -1.359321 -0.770927 1.059109 -1.446793 -0.506974
0.369860 -0.956112 -0.014857 0.463823 0.208280 0.302692
-1.202249 0.835486 0.154417 0.086786 -0.566064 -0.485086
1.050300 -0.243175 0.596496 0.229570 -1.412495 0.375063
-0.382544 -0.481079 1.059832 0.378906 -1.227267 -0.219336
-0.959122 -0.029702 -0.857885 1.914166 1.208791 1.023070
-0.569660 -0.151564 -0.182588 0.092851 -0.418224 -0.479208
-0.041023 -1.226743 -2.463772 -1.038843 0.215707 -1.720803
1.638356 -0.579769 -0.595766 -0.910481 -0.460892 -0.229125
0.765916 0.044586 0.508115 -1.788083 1.530548 -0.245316
-0.248925 -0.672119 0.562142 -0.371761 -0.887060 -0.769185
-2.118477 -0.022034 0.541001 1.062575 -0.380794 -0.404322
-0.728708 0.142857 -0.786696 1.183062 -1.121254 -0.054203
-0.794326 1.272483 -0.035469 -0.513192 -0.711069 -0.648668
-0.969046 1.009059 0.491760 0.273931 -0.587763 -0.084941
0.967824 -0.221855 0.281329 -0.385166 -0.365339 0.143240
-0.129175 0.071225 -0.659819 0.421875 -0.230961 0.019560
-0.580290 0.612098 1.767682 0.784832 -0.590498 0.696797
1.288153 -0.395791 3.079734 0.494969 -1.128348 1.364902
0.508293 -0.622967 -1.328835 -0.696828 0.138663 -0.711226
1.127181 0.695057 0.335892 0.261323 -0.728291 0.895325
0.134675 -1.213239 0.453526 -0.742605 -1.462419 -1.209513
-1.077796 -0.158684 -2.658988 -1.383857 -1.990431 -2.966245
0.874144 -0.455865 -1.685638 -0.398365 0.134622 -0.325493
-0.916445 -1.751982 -0.523369 0.275815 -0.656729 -1.213494
-0.462833 0.383618 1.449278 -0.374994 -0.334009 -0.154737
-0.815326 -0.849073 -0.974122 1.264413 -0.335455 -0.156141
0.452183 0.844978 0.748607 -1.230294 0.497427 -0.028171
-0.499650 -1.610929 1.139420 0.043306 0.503730 -0.317639
-0.551529 0.080039 -0.136946 -0.009719 -0.115320 -0.361478
-1.202714 -0.379914 -0.546025 0.671507 -0.125340 -0.481508
0.327139 -1.618464 -1.661347 -0.270083 -0.890009 -1.232011
0.629558 -0.613725 0.507719 -0.104251 -1.182901 -0.171541
1.563654 1.496298 0.790825 -0.239462 0.001168 1.377734
0.372233 1.928569 0.319151 0.265309 0.205967 1.164965
0.053869 -0.495057 1.388073 1.676643 -0.357106 1.328442
-0.431045 -0.415175 -0.131606 0.350771 0.096263 -0.120276
0.232162 1.210911 -0.712951 1.233671 1.077614 1.584680
0.128525 0.443360 0.374054 0.226840 0.675880 0.689238
-0.080021 0.941108 -0.328523 0.809530 0.049590 0.781038
0.061237 1.910715 2.135918 0.616944 -0.010345 1.626761
1.714957 -0.726975 -1.940274 -0.444037 -0.967227 -0.390984
-0.212546 -0.440215 0.457672 -0.761258 -1.084982 -1.048389
-0.107349 -0.396076 0.167391 1.286672 0.319046 0.896353
0.005101 -0.884041 -0.982433 0.938641 -1.171633 -0.215360
-0.072123 0.588734 0.071797 -0.100794 -2.327828 -0.652529
-2.110395 0.203192 0.755160 -0.989267 -0.488256 -1.806417
1.655297 0.610997 0.020351 -0.292901 0.500384 1.073878
-0.419029 -1.890086 0.776397 0.011700 2.448241 0.146594
-0.716415 -0.138996 -1.363117 1.192173 -0.674278 -0.131934
-0.082885 -0.155566 -1.870329 0.044478 0.476016 -0.378985
-0.169954 0.045102 0.022284 1.026315 0.063778 0.694448
-0.469467 1.300960 -0.894972 -0.483441 -1.218444 -0.813151
-0.376709 -0.688232 0.799341 -1.375831 -1.287441 -1.647694
-0.106207 2.716408 1.663202 -0.103188 1.869703 1.748553
-0.101194 -0.752673 0.492183 -1.851990 1.444943 -1.064049
-0.179446 0.096143 -1.000293 0.436818 -1.065849 -0.341992
-1.674465 -1.193887 -0.036219 -0.758885 0.385228 -1.759512
-0.276522 -0.446695 -0.048299 -0.855406 0.452459 -0.789529
-0.630641 -0.110038 0.441010 2.561412 -0.139682 1.547013
1.431207 -0.022328 -0.407220 -2.027415 0.141096 -0.742337
-0.943378 0.703355 0.832429 -1.718846 1.893078 -0.744083
0.194373 0.179717 -0.273074 -0.051036 -0.179248 0.003474
-0.203389 0.393657 0.722319 -1.430107 0.140314 -0.806426
-0.469404 0.194859 0.928757 0.517661 0.470129 0.560012
-0.160760 -0.955267 0.649507 0.311165 0.013069 -0.002002
0.049949 0.908660 0.047561 1.905332 0.491614 1.878842
-1.613011 -0.152670 2.435832 0.352619 0.481131 0.068191
0.477298 -0.134703 -0.013619 -0.365264 -0.574305 -0.229643
-0.041432 -0.304731 0.125334 1.079411 0.800364 0.954704
-1.310723 0.523163 0.757835 -1.335444 0.748418 -1.112514
-0.053245 0.453651 -0.677718 0.694635 0.745283 0.691496
0.866499 0.017762 -1.233304 0.530547 -0.909296 0.278921
1.114730 -0.124769 -0.065650 0.517056 1.030531 1.275132
0.873701 -0.060418 -0.925530 -0.896968 0.900486 -0.128075
-1.110822 -0.276479 0.100144 -0.124043 0.767020 -0.530602
0.414921 -0.700977 0.100433 0.672733 -0.181788 0.466074
-1.570871 0.352425 0.819704 0.024103 -0.070499 -0.566951
-0.219894 0.508973 -0.617123 -0.813940 0.691051 -0.487590
0.327107 0.202244 0.112715 0.548545 0.060238 0.695790
-0.842182 0.280287 -0.101092 0.369463 -1.118975 -0.495567
0.072431 -0.118225 -1.028576 0.458930 0.300217 0.176674
0.180004 -0.048442 -0.617975 -0.831842 0.745031 -0.438028
-1.413708 -1.124423 1.254152 0.752474 0.188695 -0.228265
-1.010772 -1.637204 -0.581908 -0.313087 0.591958 -1.274541
0.879744 -0.002016 -1.194012 -0.542437 0.682305 0.015867
-1.702408 -0.542253 -1.370154 0.882714 1.599469 -0.313197
-1.244483 0.328443 0.065235 -0.064527 -1.352233 -1.055320
1.796712 0.397296 -1.153228 -0.177564 -0.647343 0.508215
-0.896172 -0.855775 0.521672 -1.257163 -1.527607 -2.051850
-0.137256 0.925729 -0.093054 1.296591 0.322054 1.245675
-0.076307 0.600919 -0.144758 -0.440413 0.114305 -0.171551
-0.120147 -1.036734 -1.862249 0.669054 -0.718468 -0.606100
0.349718 2.133434 -1.728986 0.605880 -0.825461 0.624439
-0.440140 -0.530805 0.954132 0.507603 1.422781 0.648037
-0.497891 0.494928 -1.803750 1.418289 -0.487238 0.308055
-0.522399 -0.855044 -0.225834 0.815998 0.000053 -0.026920
-0.049277 -0.947209 0.004062 0.993430 1.275788 0.803770
-0.057127 -0.362023 -1.462994 -0.209082 0.425443 -0.530075
0.417517 1.230459 -0.208684 -0.402144 0.172006 0.336862
-0.081554 -1.255191 -0.406957 0.491668 0.583595 -0.003402
-0.997381 1.172577 1.822962 0.044318 -1.317068 -0.116678
-0.252065 -0.771420 -0.025342 -0.350812 0.388371 -0.526160
0.311896 1.135428 2.432156 -0.260745 1.293159 1.369505
-0.585276 1.511411 -0.813176 -0.414744 0.929828 -0.052615
-0.034719 0.645772 0.629891 0.150860 0.728234 0.687840
-1.918694 -0.843484 -1.786743 -0.112984 -0.733439 -2.108248
2.789973 0.190374 0.893041 -0.948573 0.455581 1.299893
0.977037 -0.595934 -1.883085 -0.273161 0.171140 -0.258972
-0.035084 -0.614014 0.416305 -2.493058 -0.371684 -2.050927
-0.026634 -0.713176 0.807969 0.856607 -0.709828 0.357039
0.258607 -2.227661 -0.900392 -1.406852 -0.664781 -2.032862
-1.244533 0.118541 0.530814 0.442276 -0.800460 -0.459588
-2.674678 -0.220487 1.195795 -1.711811 -0.698550 -2.742585
0.464639 1.154752 -0.014713 -0.237366 -0.411544 0.321069
-1.320656 0.382353 -0.649267 -1.497389 0.363675 -1.756249
0.815027 1.228279 -0.290155 0.184077 0.089342 0.939891
-0.070088 0.111925 0.308329 -0.425836 -1.055432 -0.574949
-0.507417 -0.320529 0.376933 1.409380 0.287109 0.828233
-0.244137 0.799347 -1.687502 0.844574 -0.307240 0.215421
2.829098 -0.600244 -0.799366 0.314080 -1.079518 1.076208
-0.147571 1.564848 -0.026112 -0.584742 0.893067 0.270503
0.522275 -1.054489 -0.092633 -1.480740 2.287312 -0.417121
-0.293625 0.130724 0.340666 -0.839994 0.921078 -0.355883
1.600677 -0.350573 -0.521950 0.033937 0.600600 0.870674
-0.993837 0.315006 -1.017592 0.397656 1.643812 0.106164
-0.739662 1.135968 -1.062100 -0.054726 2.092796 0.313518
0.482356 0.400499 -1.058447 0.331813 -0.391120 0.250732
1.381660 0.688043 0.230133 0.576120 -1.690567 0.931022
1.033849 0.377689 -2.041483 -0.464816 -0.600648 -0.342077
-0.553750 1.032550 0.651258 0.174452 1.047546 0.645695
0.801890 0.961588 0.925175 0.237417 0.571514 1.344259
0.618291 0.153714 -0.469276 0.820016 -0.329830 0.771178
0.740571 0.441822 -0.311696 -1.360043 0.728953 -0.281387
-0.636729 -0.845417 0.008691 -1.486867 -0.322551 -1.813558
-1.572921 -0.008255 -0.509962 0.412651 -0.831072 -0.975676
-0.236990 -0.994855 -1.659868 -0.420866 1.605412 -0.659535
-0.525009 -0.396593 -0.603560 0.435952 -1.696298 -0.796375
1.362383 0.552726 0.108774 -1.639648 0.095923 -0.199247
1.580419 0.103122 -0.605438 -0.668608 1.045016 0.612995
0.279862 0.440028 -0.826011 -1.086587 -0.224458 -0.774006
1.218959 0.369235 0.301781 1.198610 -0.089767 1.722477
0.101853 -0.248579 -0.608206 -0.230726 0.456955 -0.196764
2.564521 -0.261060 -0.641567 -0.416526 0.570188 1.070597
1.279002 -1.577630 0.598383 0.989083 -0.136615 1.039309
-0.872201 -0.660058 1.110331 0.599102 0.280508 0.105039
0.448029 0.819955 -1.806698 0.419793 0.279927 0.457633
1.256756 -0.332885 1.397074 1.525539 0.789183 2.312711
-1.795634 -2.028007 -2.142409 0.439510 -2.025201 -2.517342
-0.901351 -0.049960 -0.898337 -0.692858 -1.900115 -1.859152
0.861356 0.695587 1.527354 -0.564081 -0.284087 0.584099
0.824956 0.122135 -1.659654 -1.022072 1.638955 -0.135502
-0.229449 1.296495 0.768367 1.192218 -0.117024 1.311351
-0.181458 -1.225171 1.190647 0.244213 -0.336357 -0.125368
-0.445403 -0.115859 -0.729091 1.493548 -0.206052 0.555580
-0.377777 0.609820 -0.871037 0.401866 0.413380 0.191472
-0.250433 1.490762 0.561031 -0.996541 -0.134398 -0.293424
1.115671 0.639886 0.397907 -0.265427 -0.416052 0.602118
-0.056158 -1.056036 0.179076 -0.364218 0.582998 -0.403931
0.231016 -0.412664 -1.314511 0.840295 0.085315 0.309406
-0.056674 -0.122432 -0.424620 -1.100300 -0.709167 -1.207223
1.151457 -1.038021 -0.028651 -1.497680 0.715624 -0.558821
-1.001282 0.366962 0.113293 0.129543 -0.869452 -0.598625
-3.218951 -0.122730 0.031235 -1.725088 -0.696089 -3.316140
-0.386679 -0.836210 0.355937 0.100534 -0.999669 -0.641647
1.866671 0.901452 0.988430 -1.057777 0.720234 1.039205
0.609038 -1.237129 -1.533151 1.053744 0.966783 0.640496
1.220405 0.184504 0.467749 0.459217 -0.055187 1.176973
1.767596 0.420053 -0.594994 1.187569 -0.126715 1.801899
1.247057 0.025599 -0.197493 -0.890134 0.185932 0.066871
1.079000 1.134563 0.741879 -2.123329 0.786284 -0.145649
0.738733 0.246597 0.158764 -1.885685 -0.524833 -1.012204
-0.058052 -0.946901 -1.132569 -0.406262 -0.959442 -1.222253
-0.504337 0.277837 0.367806 -0.100659 0.183233 -0.116416
1.827956 0.437428 0.281563 -0.842106 -0.462948 0.471142
0.444651 0.098700 -0.751084 1.142263 -2.078275 0.261622
-0.701852 -1.021111 0.958884 0.141191 0.727556 -0.144185
-1.196091 0.344735 -0.031517 1.041293 -0.273128 0.105368
1.930457 0.783700 0.272070 -1.182368 -0.067377 0.515168
-0.064321 0.926863 -0.371344 1.365427 -0.985468 0.849153
0.415478 -0.655290 0.848796 2.362340 1.448407 2.423172
1.561729 2.244918 1.183521 1.432975 0.845485 3.205449
-1.285449 -0.070030 -0.405922 1.841508 -0.254089 0.419250
1.980815 -0.059689 -0.930187 0.846049 1.049404 1.811034
1.453236 -0.883441 -1.082924 1.306008 0.772122 1.460845
0.265754 -0.215403 1.120882 -1.911666 0.428284 -0.898351
1.330293 -0.953256 -0.737973 1.046973 -1.223248 0.628280
-1.587166 -0.008155 1.063518 0.414240 -1.831823 -0.909331
0.175072 -0.273914 1.446705 -0.976330 -1.769761 -0.906981
0.304238 0.381383 0.692791 1.141353 0.938667 1.599175
0.492134 -0.388376 -0.173821 -1.107095 0.381468 -0.578251
2.724386 -0.652549 1.645761 2.430555 -0.752936 3.261646
0.534599 0.673805 0.242806 -0.312334 1.484717 0.822801
-1.255286 -0.056805 0.334389 2.047035 -0.917288 0.563263
-1.240417 -0.543583 -1.292944 -1.444414 0.558299 -2.067583
0.704158 0.551315 2.520773 1.465453 1.366378 2.707965
-2.161092 0.509196 -2.212730 1.267428 1.440980 -0.214115
-0.096875 0.456990 -0.546332 -0.311257 -1.143948 -0.637877
0.961121 0.225222 0.042316 -0.626048 -1.055767 -0.173982
-0.747147 0.198239 1.035966 1.271252 0.700687 1.056259
0.263423 0.739076 -0.210801 0.164878 -1.002197 0.130979
-0.920592 0.808562 0.660321 -0.341223 -1.007957 -0.663350
1.596278 0.511710 -0.626085 -0.805307 -0.605363 0.119551
-1.839256 0.440293 1.052609 1.835571 0.383337 0.836697
0.018571 -2.032030 -0.976683 -0.818370 0.562681 -1.301373
1.301334 -0.518746 -0.243683 -0.907531 0.089065 -0.132169
-1.340793 0.011543 0.848504 0.652621 0.903456 0.230494
-0.859770 0.129170 0.583971 -0.752890 -0.764850 -1.088505
0.066530 0.125869 -0.472809 -0.448166 0.236604 -0.292115
0.429871 -0.082537 0.604102 -0.367566 1.497448 0.576202
0.297385 0.904025 -0.465412 -0.860727 1.381904 0.153349
-0.628143 0.108659 -0.933094 -1.105896 0.270928 -1.270871
1.010455 -0.786226 0.303072 1.318572 -0.580160 1.166937
0.489652 0.130221 0.276121 0.152313 1.207961 0.882642
-0.027113 -2.228965 -0.664791 0.933945 0.570660 -0.030259
0.712522 0.575524 -0.242380 -0.307118 -0.685977 0.078876
-0.106785 -0.106021 1.392867 0.194655 0.568566 0.578529
-1.646704 -0.450550 -0.758606 1.969381 1.087419 0.529640
0.750479 -1.499410 -0.121558 0.523338 -0.515639 0.127100
0.012600 -2.025394 0.317612 0.029201 -2.453352 -1.325423
-0.043925 -0.020834 -0.231596 -0.135098 -0.613345 -0.384055
0.884473 -0.629269 -0.225731 1.145792 1.114029 1.430424
-0.384801 0.139259 -0.400653 0.525574 0.409356 0.243574
-1.019833 0.154352 -1.460250 -0.108521 1.181137 -0.588033
0.448116 -0.625126 0.145346 -0.822404 -0.482608 -0.667548
0.560335 0.208997 -0.446805 -0.265098 1.058861 0.414279
1.392134 0.552524 1.008088 -1.186640 0.142163 0.387670
-0.813207 2.061462 -1.115150 -1.385100 0.526277 -0.917230
2.186628 0.103924 -0.492057 -1.090535 1.035497 0.670022
1.499408 1.952870 -1.507454 0.921396 -0.814584 1.499675
-0.999487 -1.053113 1.407455 1.653868 -0.750380 0.422357
-1.106971 0.317640 0.183353 -1.424825 0.138525 -1.468216
-0.310935 -0.882591 -0.397414 1.959893 0.527216 1.043525
-0.362131 0.599753 0.543212 0.289743 -0.083872 0.309604
0.204053 -0.019123 -1.343365 -1.274382 1.365307 -0.721091
1.087290 1.109758 0.402226 -0.986731 -0.566449 0.162984
1.429890 0.292376 0.782911 -1.823329 0.116409 -0.203753
2.266208 0.869686 0.113648 0.012511 -1.807943 1.006379
-0.979363 -0.781443 0.221292 -0.154192 -1.083135 -1.202345
2.008157 -1.215294 -1.519421 0.279515 -0.806950 0.301641
-0.774617 0.270721 -0.144759 0.945430 -0.483566 0.152078
1.356318 1.267528 -0.806863 -2.275509 -0.246911 -0.776702
1.168002 -0.482803 -1.119267 0.678938 -0.522876 0.548072
0.179215 -1.113641 0.268884 0.053058 -1.231467 -0.544120
-1.047344 -0.548755 -0.941271 0.152520 -0.414576 -1.018757
0.009918 0.447536 -0.458322 -2.026003 -2.342789 -2.194490
0.143160 -0.788919 0.283026 0.604984 -0.129439 0.298690
-0.137011 -0.386668 -0.828874 1.756223 1.017631 1.200006
0.233790 -0.438162 -0.534211 2.321695 0.170218 1.606465
0.623761 0.289370 -2.317928 1.148430 -0.164134 0.648253
0.698024 1.271421 0.757690 0.255231 0.250122 1.253528
-0.508049 -0.422823 -0.218161 0.589975 -2.345365 -0.794186
-0.324834 -0.704960 0.800142 1.408596 -0.240270 0.743930
-0.724667 -0.312955 -1.397009 -0.294472 -0.836718 -1.337926
0.495751 -0.621820 2.679898 0.419358 0.336419 1.162398
-0.777050 1.419350 0.497320 0.326172 1.036987 0.713316
0.545477 -0.875868 -0.010917 0.403727 -0.783162 0.066569
0.790358 1.855664 0.873992 0.693907 -1.640853 1.236390
0.063878 -0.658270 0.534997 0.403226 0.224574 0.325093
-1.399607 0.107338 -0.131221 -0.919254 0.817054 -1.191835
-0.641448 -2.462327 0.426660 -1.009329 -0.833972 -2.044172
1.303279 0.219166 -1.077455 -0.110809 -0.779285 0.200344
1.538917 2.396612 0.789925 2.029920 0.479080 3.461338
0.074917 0.874664 0.289688 1.767851 -0.643331 1.478933
-0.141431 0.595100 0.103775 0.797174 -1.204299 0.333736
-1.025739 -0.125702 1.701729 0.962121 0.309682 0.612241
-0.639107 0.599761 3.020193 -0.321987 0.458225 0.500653
-0.378551 2.215957 -1.204280 0.691703 -1.669117 0.166873
-0.065242 0.174224 1.832807 0.188899 -0.376682 0.494776
-0.480958 0.602963 0.915125 1.441758 -1.195518 0.822310
-0.008917 -0.209639 -1.763646 -0.120093 1.031005 -0.270736
-0.318533 2.175021 -0.019860 -0.860144 -0.781348 -0.365273
-1.137773 1.597067 -0.786906 0.729449 1.594602 0.719952
0.390130 0.861804 -1.511572 -2.144005 1.734404 -0.893757
2.637127 0.183440 -1.605010 -0.314856 -1.424157 0.448665
-1.477609 2.144263 -0.365584 -0.445600 -0.689719 -0.778691
-0.574596 0.690822 1.012286 -0.972740 -0.351218 -0.670129
0.149253 0.836780 -0.651198 0.324366 2.170376 1.119860
-1.190205 -0.774788 0.898963 0.243912 -2.488253 -1.307891
-0.592880 -1.132729 -2.955606 -0.207376 -0.740006 -1.821574
0.774100 -0.187261 -0.981796 -0.213842 2.640618 0.817017
-0.107094 -3.234585 -0.287283 -1.125539 -1.068631 -2.330466
0.868709 0.053684 -0.862008 -0.576693 -2.008798 -0.775647
0.174995 1.052304 -1.453855 -0.303830 1.014747 0.174194
-1.907383 -0.262209 -1.139776 -0.350410 -0.993695 -2.010767
-1.354295 0.292761 0.789126 0.648156 1.139233 0.370268
-0.409051 0.564364 -0.056357 0.646195 -0.288849 0.316730
0.302938 -0.306269 -0.153105 -1.395517 0.216345 -0.916134
0.625074 -1.637237 0.208841 -0.152841 1.076109 0.111117
-1.361414 -0.551269 -0.717492 0.782429 -1.079971 -0.892589
-0.028722 2.003408 1.797672 1.321809 0.599563 2.231204
0.145060 1.388892 1.915382 -1.322744 0.399371 0.166721
-2.672691 -0.912356 1.145705 -1.627761 -0.059727 -2.709613
0.515109 -1.945135 0.311769 1.995356 -0.644649 0.994282
-0.536369 1.280314 0.176232 0.020117 -0.125498 0.127918
-0.592267 -0.643256 1.419290 0.069274 -1.871993 -0.731157
-0.167581 0.984926 0.970164 1.299213 -1.636085 0.888750
-0.104811 0.341788 -0.674493 0.006176 -0.013163 -0.117649
0.812455 -0.186193 0.055570 0.288736 -0.161991 0.568226
0.496933 1.682149 0.823204 0.481307 0.400544 1.501900
-2.238073 0.232764 1.189278 -0.666464 0.680709 -1.150208
-0.034198 -0.084431 -1.393908 0.725447 0.458519 0.281657
-1.153269 -1.281366 -0.008239 -0.223461 -0.368709 -1.339041
1.937816 -1.045452 -1.504057 -1.552818 2.004709 -0.117433
0.297327 -0.599726 0.161339 0.365050 2.035414 0.932744
-0.303356 -0.401658 0.152231 0.564770 0.196086 0.214677
0.016558 -0.546552 -0.959684 1.381303 -0.711704 0.375060
-0.517004 -0.170663 0.073119 -1.941348 -0.042799 -1.756734
0.693912 -0.158220 0.341577 -0.833573 -0.305914 -0.283046
0.950413 0.058181 1.059385 0.552139 -1.007595 0.896327
-1.834137 0.397360 0.704127 -0.919821 -0.194847 -1.457750
0.229740 -1.314446 -1.410921 -0.528896 -0.385635 -1.154195
-1.705725 0.989933 -1.681636 0.912808 -0.100138 -0.424531
1.361722 -0.231863 -1.605861 0.072588 0.238791 0.416305
-1.141529 0.694895 -1.790120 0.573355 -0.833420 -0.712566
1.046337 -1.314221 0.979810 0.590521 -0.668256 0.627589
-0.222153 0.296083 2.020932 1.950587 -0.101374 1.867063
-1.489219 0.642663 0.176010 0.246655 -1.315584 -0.825237
-1.286788 -0.753878 0.371472 -0.483334 -0.002285 -1.222539
-0.596415 0.053573 0.724622 -0.627974 0.123380 -0.554633
-2.436379 -1.356228 0.366258 -0.220567 1.553909 -1.370563
-0.137571 -1.507264 -1.963511 0.421006 0.081001 -0.716988
-3.053606 0.647497 -1.350113 -0.786471 0.518464 -2.248564
-0.616901 0.567241 1.457164 -0.789547 0.246439 -0.297165
0.002223 -1.819275 -2.068575 0.202601 0.019917 -0.943795
0.278554 -0.180459 -1.876630 -0.497069 0.788979 -0.481301
1.414491 -0.240863 0.396167 1.711928 0.715267 2.292674
0.456672 0.181989 -1.431141 0.148218 -1.681054 -0.473551
0.329505 1.397376 0.180704 1.666363 0.488363 2.049581
0.675176 -1.052270 2.394379 -0.684864 0.007638 0.142460
0.054341 0.088016 -0.119927 -0.390095 -0.082311 -0.282494
-0.851360 -1.178306 0.520138 -0.147254 0.711246 -0.603682
0.852672 1.750149 0.878994 -0.210632 0.933020 1.402098
0.839553 -0.208460 -0.141374 1.158619 0.925160 1.509942
0.510487 0.900230 -0.932507 0.195730 -0.565702 0.302678
-1.114482 -0.978317 0.616230 0.086550 0.787945 -0.467790
-0.659301 0.040814 -0.200416 -0.978079 -0.403975 -1.249522
-0.303855 -1.773198 0.332750 0.619068 -0.874779 -0.482405
0.870451 0.127354 0.934204 0.241644 -0.072282 0.915027
1.770596 -1.066589 0.445081 -1.233004 -0.658571 -0.349340
0.249502 -0.534726 -0.026813 -0.982870 -0.911487 -1.047265
0.030248 -1.380381 0.643229 2.204998 0.613324 1.541936
-0.954498 -0.819289 -1.322232 0.851108 -0.487367 -0.661898
-1.306383 0.299526 -0.933543 0.337946 -0.061052 -0.641948
3.050776 -0.649253 0.088894 0.735987 -2.685662 1.200756
-1.055657 0.687917 -1.275901 -0.252161 0.696591 -0.651178
-0.606283 0.631630 0.902426 0.199036 -0.741266 -0.003699
-0.182350 -1.476534 -2.470920 -0.413908 -0.339520 -1.603136
0.290450 3.193621 -0.693159 -0.804271 1.621049 0.942938
0.396124 0.020025 -0.725491 1.378875 -0.165630 1.000442
-0.254128 0.500206 -0.716544 -0.366507 0.048323 -0.413469
-1.061087 2.467618 -1.068224 -1.370834 -1.271252 -1.479136
-0.638231 0.743312 1.600234 -1.380472 -0.309919 -0.826409
-1.008225 -0.823835 1.414456 -1.059002 -1.706200 -1.793675
-0.091814 3.304160 2.141245 -1.205003 1.033790 0.992387
-0.279256 1.468062 -1.739787 -0.063944 -1.392022 -0.613677
-0.456352 -0.777715 -0.163107 -1.309570 0.483799 -1.346373
0.350267 0.964202 0.790680 -0.748011 -1.844692 -0.433985
0.474165 -0.143461 -1.350882 -1.185370 -0.262953 -1.067561
0.493576 -0.635666 -0.136719 2.204378 0.431585 1.786113
0.001821 0.959738 1.133720 -1.294367 -2.195864 -1.055999
1.145716 -0.595739 -0.535338 1.016020 -1.890405 0.453895
1.516624 1.772807 0.183333 0.116741 1.890345 2.152573
-0.349724 -0.607309 -2.240564 0.322253 2.169617 -0.020803
1.532249 1.069091 0.508587 -0.662277 0.562635 1.023896
1.809055 0.085158 -1.369135 -0.164784 0.070809 0.600404
0.452259 -0.137146 1.077121 -0.412138 1.291000 0.590918
1.747575 -0.289971 0.504690 -0.990696 0.627370 0.489574
0.742782 1.392412 0.073594 0.134908 0.560041 1.157624
-0.375302 -1.739180 0.164116 0.186699 -1.081830 -0.935573
-0.431725 -0.372019 -0.042699 0.263650 0.953581 0.126123
-0.709268 -0.122980 -1.263898 0.009324 0.381917 -0.623498
-0.159483 0.714243 -1.063407 -0.604345 0.084656 -0.540687
-0.402845 -1.725649 1.102451 0.466524 0.474533 -0.009775
-0.425022 -0.082977 -1.369299 0.977849 -0.272173 0.019846
1.712468 0.289992 0.936724 1.796668 -1.622726 2.078256
1.058814 0.098891 0.631667 1.250304 -0.226058 1.622881
0.912243 -0.180330 0.572872 0.450645 -1.444911 0.462968
0.654236 0.756596 -1.104994 -2.053711 1.079015 -0.821690
0.496523 -1.165879 1.150820 -1.034940 0.047702 -0.547565
1.496250 1.266575 1.466275 1.609616 2.242675 3.502449
0.547718 -0.370893 -0.153692 0.571047 0.813208 0.826704
-0.615461 -1.210103 -0.937264 1.187192 0.461308 0.048062
0.926558 -0.485964 -1.164920 3.167291 -1.286662 1.972524
-0.525152 1.392586 0.521659 -0.052630 1.156651 0.613665
-0.361157 0.612224 1.328812 0.973732 1.339060 1.465190
-0.325818 -1.005450 -0.589313 1.019380 -1.583440 -0.414084
-0.162362 0.001898 1.215536 0.841738 0.543744 1.002036
-0.068557 0.999298 1.703205 0.158059 1.661178 1.354144
0.331332 1.513698 1.105238 -0.832714 -0.027448 0.329575
-1.104334 0.597818 0.045563 0.166308 -0.401156 -0.422699
-1.158184 0.977922 1.336035 -0.803245 0.030783 -0.578158
-0.338615 -0.069584 -0.232830 -2.071541 0.698268 -1.558878
-0.053066 1.138679 0.107884 -1.103172 0.694490 -0.221447
-0.233928 0.419413 0.337735 -0.348275 0.302319 -0.069852
-0.191971 -0.547564 -0.672479 -1.900632 -0.388850 -1.962737
0.407278 1.141388 0.206755 -1.242259 1.504399 0.219567
-1.858519 1.306875 2.435470 -1.107213 1.402384 -0.373206
-0.880446 1.757824 0.987904 0.467616 0.825382 0.921912
0.983762 0.500991 0.218457 0.685274 -0.481252 1.112087
-0.301724 0.542233 0.016875 -1.227058 2.059591 -0.227915
-1.835589 -1.473745 -1.107903 1.174326 -0.082508 -0.945649
1.155904 -0.225023 -0.557534 -0.213980 2.622803 1.119007
0.902129 0.788736 2.451961 -0.839576 -0.292792 0.663994
0.517125 -0.107126 -1.415932 0.211306 0.589700 0.244284
-0.884864 0.218339 -0.399875 -0.330865 -1.522110 -1.254231
1.502127 -0.361991 0.079569 1.862285 0.340631 2.213717
1.889607 -1.185281 -0.976239 -1.808499 -1.120918 -1.244067
0.740426 -0.749219 1.355071 -0.435187 -0.090247 0.167090
-0.813802 -1.452971 1.961541 -0.937402 -1.005740 -1.436435
-1.639593 0.601486 0.727527 -0.293447 0.422572 -0.622808
-0.827311 0.453335 1.827666 1.393466 -1.075775 0.811672
-1.507968 0.052487 0.763965 0.226949 0.743970 -0.232931
1.001755 -1.037944 -1.727210 0.952563 -0.514069 0.327906
1.363540 0.141490 -0.215799 0.701845 0.232817 1.341758
0.553602 -2.282870 -1.935501 1.872405 -2.500782 -0.337771
-1.012743 0.171365 -1.990494 -0.800361 -0.777349 -1.842938
0.536123 -2.221120 -0.819026 1.062717 0.293046 0.254272
-0.423233 0.698529 1.276919 0.972280 -0.290596 0.922522
0.358538 1.224408 0.112105 -0.451420 0.024085 0.298788
-0.559411 -0.599321 1.237115 0.585008 1.345359 0.661797
-0.211807 -1.468849 0.161435 -1.134035 -0.058681 -1.394908
-1.839647 0.819803 -1.374238 -0.397196 2.486204 -0.605792
-0.803271 -0.231120 0.148680 0.324634 0.394446 -0.123414
1.637720 0.609003 -1.313399 -0.859876 2.182004 0.854187
-0.587309 2.342857 -0.325340 -0.634979 0.339839 -0.015300
-1.050821 -0.658304 0.581405 0.505288 -0.256057 -0.366844
-1.330628 0.036406 0.600670 -2.296652 1.047194 -1.924788
0.986704 1.044287 1.610651 0.397642 -0.649144 1.371941
0.239122 -0.685027 1.020338 0.367089 -1.195348 0.055248
1.584289 0.630925 0.111417 -0.912813 2.650970 1.298909
0.347331 -0.828307 1.339786 -0.557620 -1.536544 -0.634363
-0.062995 -2.694569 0.332617 0.146068 1.356455 -0.273690
-1.480430 1.155903 -0.120064 0.725886 -0.257436 -0.041651
0.759947 -0.466878 0.419312 -1.247268 -1.715824 -1.078572
-1.686722 -0.741405 0.195920 -1.728482 -1.501877 -2.875227
-1.302634 1.426729 0.639894 -1.664766 -0.735175 -1.563483
0.002328 -1.176979 -1.145350 0.395260 0.503935 -0.211868
1.602201 0.835070 -0.770927 0.883389 1.244225 2.014749
-1.077947 1.450668 0.848578 0.202438 0.257228 0.302801
1.082098 -2.041101 1.268314 1.428327 0.408084 1.443167
0.651795 -0.001804 0.443610 2.067275 0.527477 2.153234
0.498160 1.537973 0.855514 -1.501491 1.224579 0.280777
-1.188616 0.037011 -0.146954 -0.240870 0.372403 -0.747186
-0.838975 0.510176 0.575829 -0.839529 -0.679730 -0.992982
0.396458 1.693874 0.007896 0.449032 -0.264341 1.009235
1.094785 1.477655 -1.005392 0.446803 0.336774 1.268515
0.560920 0.478138 -0.473079 -0.689314 0.208835 -0.087522
-0.117452 -1.125658 -0.548174 -0.307779 -1.381432 -1.229765
-0.628510 0.741245 -0.237670 -0.026631 -1.393886 -0.639669
-0.932849 -0.375006 -0.146667 0.903805 0.728807 0.213932
0.888176 -2.291392 1.347497 -1.597290 -2.328594 -1.810165
0.162321 -0.544551 -0.742887 -0.178677 -0.246416 -0.478365
-0.168446 0.777267 -1.080798 -0.248204 -0.522563 -0.464213
0.692244 0.288498 -1.732868 0.966948 0.094686 0.782931
0.830912 -0.411014 2.150928 0.053886 -0.597305 0.719717
1.087100 -0.475755 0.768537 0.559822 -0.948904 0.753689
-0.693482 0.175695 -0.806715 -0.354832 0.031093 -0.782884
-0.419280 -0.789665 0.519207 -1.931066 1.675381 -1.231244
-0.852414 -2.457879 -0.339321 -1.850955 -0.047484 -2.715096
0.304697 2.202000 -0.129087 0.484767 -0.278721 1.107688
0.262608 -0.279862 -0.180514 0.726443 0.771384 0.789523
